8 4
5 3
6 120
4 6
12
4 2 4 4 4 6
10
53
Q ODN 1 1 4 70 2 5 Y
Q OT 1 2 2 30
Q OVC 1 3 3 60 250
Q ODG 2 4 6 140 4 8 N
Q OVN 2 5 5 95 500
Q OVG 2 6 7 180 700
Q ODN 3 7 3 55 2 4 Y
Q OVC 3 8 4 80 320
Q OT 3 9 1 20
Q ODG 4 10 8 210 5 10 N
X 4 8
Q OVN 4 11 4 85 450
Q ODN 5 12 5 100 3 7 N
Q OVC 5 13 6 120 380
Q OT 5 14 3 35
Q OC 5 15 16 350 500 3 2
Q OVG 6 16 9 240 900
Q ODN 6 17 7 145 4 9 Y
Q OVC 6 18 3 65 210
Q ODG 7 19 5 130 3 6 N
Q OVN 7 20 2 50 160
X 7 18
Q OT 8 21 4 45
Q ODN 8 22 6 125 4 8 Y
Q OVC 8 23 5 105 410
Q OVG 9 24 8 220 840
Q ODN 9 25 3 60 2 5 N
Q ODG 9 26 7 175 5 11 Y
Q OVN 10 27 6 135 560
Q OVC 10 28 4 78 260
Q OT 10 29 2 28
Q OC 10 30 20 500 800 4 3
Q ODN 11 31 5 98 3 6 Y
Q OVC 11 32 7 150 470
X 11 23
Q ODG 12 33 9 235 6 12 N
Q OVN 12 34 3 68 230
Q OT 12 35 5 52
Q OC 13 36 12 400 600 2 2
Q OVG 13 37 10 260 980
Q ODN 13 38 4 82 2 5 N
Q OVC 13 39 6 118 390
Q ODN 14 40 7 148 4 9 Y
Q OT 14 41 3 36
X 14 39
Q ODG 15 42 8 205 5 10 N
Q OVN 15 43 5 108 520
Q OVC 15 44 2 42 140
Q ODN 16 45 6 132 3 7 Y
Q OVG 16 46 9 245 910
Q OT 16 47 4 40
Q OVC 17 48 5 112 430
X 17 44
