11 5
5 3
6 110
3 9
14
4 2 5 4 3 6 2 8
12
200
Q OVC 1 2001 5 51 411
Q OVN 1 2002 8 62 472
Q OVG 1 2003 11 73 533
Q OVC 2 2004 4 84 594
Q OT 2 2005 7 95
Q ODN 2 2006 10 106 3 6 N
Q OVN 3 2007 3 117 777
Q OVG 3 2008 6 128 838
Q OVC 3 2009 9 139 899
Q ODG 4 2010 2 150 2 4 Y
Q OVC 4 2011 5 161 1021
Q OVN 4 2012 8 172 1082
Q OVG 5 2013 11 183 1143
X 5 2001
Q OT 5 2014 7 205
Q ODN 6 2015 10 216 3 6 Y
Q OVN 6 2016 3 227 1387
Q OVG 6 2017 6 238 1448
Q OVC 7 2018 9 249 1509
Q ODG 7 2019 2 260 2 4 Y
Q OVC 7 2020 5 271 1631
Q OVN 8 2021 8 282 1692
Q OVG 8 2022 11 293 1753
Q OVC 8 2023 4 304 1814
Q OT 9 2024 7 315
Q ODN 9 2025 10 326 3 6 Y
Q OVN 9 2026 3 47 1997
X 10 2004
Q OVC 10 2027 9 69 2119
Q ODG 10 2028 2 80 2 4 N
Q OVC 11 2029 5 91 2241
Q OVN 11 2030 8 102 2302
Q OVG 11 2031 11 113 2363
Q OVC 12 2032 4 124 2424
Q OT 12 2033 7 135
Q ODN 12 2034 10 146 3 6 N
Q OVN 13 2035 3 157 2607
Q OVG 13 2036 6 168 2668
Q OVC 13 2037 9 179 2729
Q ODG 14 2038 2 190 2 4 Y
Q OVC 14 2039 5 201 451
X 14 2009
Q OVG 15 2040 11 223 573
Q OVC 15 2041 4 234 634
Q OT 15 2042 7 245
Q ODN 16 2043 10 256 3 6 Y
Q OVN 16 2044 3 267 817
Q OVG 16 2045 6 278 878
Q OVC 17 2046 9 289 939
Q ODG 17 2047 2 300 2 4 Y
Q OVC 17 2048 5 311 1061
Q OVN 18 2049 8 322 1122
Q OVG 18 2050 11 43 1183
Q OVC 18 2051 4 54 1244
Q OT 19 2052 7 65
X 19 2011
Q OVN 19 2053 3 87 1427
Q OVG 20 2054 6 98 1488
Q OVC 20 2055 9 109 1549
Q ODG 20 2056 2 120 2 4 N
Q OVC 21 2057 5 131 1671
Q OVN 21 2058 8 142 1732
Q OVG 21 2059 11 153 1793
Q OVC 22 2060 4 164 1854
Q OT 22 2061 7 175
Q ODN 22 2062 10 186 3 6 N
Q OVN 23 2063 3 197 2037
Q OVG 23 2064 6 208 2098
Q OVC 23 2065 9 219 2159
X 24 2018
Q OVC 24 2066 5 241 2281
Q OVN 24 2067 8 252 2342
Q OVG 25 2068 11 263 2403
Q OVC 25 2069 4 274 2464
Q OT 25 2070 7 285
Q ODN 26 2071 10 296 3 6 Y
Q OVN 26 2072 3 307 2647
Q OVG 26 2073 6 318 2708
Q OVC 27 2074 9 329 369
Q ODG 27 2075 2 50 2 4 Y
Q OVC 27 2076 5 61 491
Q OVN 28 2077 8 72 552
Q OVG 28 2078 11 83 613
X 28 2020
Q OT 29 2079 7 105
Q ODN 29 2080 10 116 3 6 Y
Q OVN 29 2081 3 127 857
Q OVG 30 2082 6 138 918
Q OVC 30 2083 9 149 979
Q ODG 30 2084 2 160 2 4 N
Q OVC 31 2085 5 171 1101
Q OVN 31 2086 8 182 1162
Q OVG 31 2087 11 193 1223
Q OVC 32 2088 4 204 1284
Q OT 32 2089 7 215
Q ODN 32 2090 10 226 3 6 N
Q OVN 33 2091 3 237 1467
X 33 2023
Q OVC 33 2092 9 259 1589
Q ODG 34 2093 2 270 2 4 Y
Q OVC 34 2094 5 281 1711
Q OVN 34 2095 8 292 1772
Q OVG 35 2096 11 303 1833
Q OVC 35 2097 4 314 1894
Q OT 35 2098 7 325
Q ODN 36 2099 10 46 3 6 Y
Q OVN 36 2100 3 57 2077
Q OVG 36 2101 6 68 2138
Q OVC 37 2102 9 79 2199
Q ODG 37 2103 2 90 2 4 Y
Q OVC 37 2104 5 101 2321
X 38 2027
Q OVG 38 2105 11 123 2443
Q OVC 38 2106 4 134 2504
Q OT 39 2107 7 145
Q ODN 39 2108 10 156 3 6 Y
Q OVN 39 2109 3 167 2687
Q OVG 40 2110 6 178 2748
Q OVC 40 2111 9 189 409
Q ODG 40 2112 2 200 2 4 N
Q OVC 41 2113 5 211 531
Q OVN 41 2114 8 222 592
Q OVG 41 2115 11 233 653
Q OVC 42 2116 4 244 714
Q OT 42 2117 7 255
X 42 2029
Q OVN 43 2118 3 277 897
Q OVG 43 2119 6 288 958
Q OVC 43 2120 9 299 1019
Q ODG 44 2121 2 310 2 4 Y
Q OVC 44 2122 5 321 1141
Q OVN 44 2123 8 42 1202
Q OVG 45 2124 11 53 1263
Q OVC 45 2125 4 64 1324
Q OT 45 2126 7 75
Q ODN 46 2127 10 86 3 6 Y
Q OVN 46 2128 3 97 1507
Q OVG 46 2129 6 108 1568
Q OVC 47 2130 9 119 1629
X 47 2032
Q OVC 47 2131 5 141 1751
Q OVN 48 2132 8 152 1812
Q OVG 48 2133 11 163 1873
Q OVC 48 2134 4 174 1934
Q OT 49 2135 7 185
Q ODN 49 2136 10 196 3 6 Y
Q OVN 49 2137 3 207 2117
Q OVG 50 2138 6 218 2178
Q OVC 50 2139 9 229 2239
Q ODG 50 2140 2 240 2 4 N
Q OVC 51 2141 5 251 2361
Q OVN 51 2142 8 262 2422
Q OVG 51 2143 11 273 2483
X 52 2037
Q OT 52 2144 7 295
Q ODN 52 2145 10 306 3 6 N
Q OVN 53 2146 3 317 2727
Q OVG 53 2147 6 328 388
Q OVC 53 2148 9 49 449
Q ODG 54 2149 2 60 2 4 Y
Q OVC 54 2150 5 71 571
Q OVN 54 2151 8 82 632
Q OVG 55 2152 11 93 693
Q OVC 55 2153 4 104 754
Q OT 55 2154 7 115
Q ODN 56 2155 10 126 3 6 Y
Q OVN 56 2156 3 137 937
X 56 2039
Q OVC 57 2157 9 159 1059
Q ODG 57 2158 2 170 2 4 Y
Q OVC 57 2159 5 181 1181
Q OVN 58 2160 8 192 1242
Q OVG 58 2161 11 203 1303
Q OVC 58 2162 4 214 1364
Q OT 59 2163 7 225
Q ODN 59 2164 10 236 3 6 Y
Q OVN 59 2165 3 247 1547
Q OVG 60 2166 6 258 1608
Q OVC 60 2167 9 269 1669
Q ODG 60 2168 2 280 2 4 N
Q OVC 61 2169 5 291 1791
X 61 2041
Q OVG 61 2170 11 313 1913
Q OVC 62 2171 4 324 1974
Q OT 62 2172 7 45
Q ODN 62 2173 10 56 3 6 N
Q OVN 63 2174 3 67 2157
Q OVG 63 2175 6 78 2218
Q OVC 63 2176 9 89 2279
Q ODG 64 2177 2 100 2 4 Y
Q OVC 64 2178 5 111 2401
Q OVN 64 2179 8 122 2462
Q OVG 65 2180 11 133 2523
Q OVC 65 2181 4 144 2584
Q OT 65 2182 7 155
X 66 2046
Q OVN 66 2183 3 177 367
Q OVG 66 2184 6 188 428
Q OVC 67 2185 9 199 489
Q ODG 67 2186 2 210 2 4 Y